precision,recall,f-score 
0.9316109422492401,0.998371335504886,0.9638364779874213
0.9135618479880775,0.998371335504886,0.9540856031128405
0.8922852983988355,0.998371335504886,0.9423520368946964
0.9184339314845025,0.9169381107491856,0.9176854115729421
0.8573426573426574,0.998371335504886,0.9224981188863808
0.8502080443828016,0.998371335504886,0.9183520599250936
0.842032967032967,0.998371335504886,0.9135618479880775
0.8306233062330624,0.998371335504886,0.9068047337278107
0.8532374100719424,0.9657980456026058,0.906035141329259
0.8173333333333334,0.998371335504886,0.8988269794721407
0.8129973474801061,0.998371335504886,0.8961988304093568
0.8108465608465608,0.998371335504886,0.8948905109489051
0.809775429326288,0.998371335504886,0.8942377826404084
0.8089591567852438,1.0,0.8943918426802622
0.8100263852242744,1.0,0.8950437317784257
0.8076416337285902,0.998371335504886,0.8929351784413693
0.8023560209424084,0.998371335504886,0.8896952104499274
0.8013071895424837,0.998371335504886,0.889050036258158
0.8002610966057441,0.998371335504886,0.8884057971014493
0.7971391417425228,0.998371335504886,0.8864786695589298
0.5598173515981735,0.998371335504886,0.7173785839672323
0.7909677419354839,0.998371335504886,0.8826493880489561
0.528448275862069,0.998371335504886,0.6910935738444194
0.7858974358974359,0.998371335504886,0.8794835007173601
0.5028712059064807,0.998371335504886,0.668848881614839
0.49197431781701445,0.998371335504886,0.6591397849462366
0.780891719745223,0.998371335504886,0.8763402430307362
0.7769328263624842,0.998371335504886,0.8738417676407698
0.45441067457375833,0.998371335504886,0.6245542536933265
0.7701005025125628,0.998371335504886,0.8695035460992908
0.4353693181818182,0.998371335504886,0.6063303659742829
0.42717770034843205,0.998371335504886,0.59834065397755
0.4213058419243986,0.998371335504886,0.5925567907201547
0.4116856950973808,0.998371335504886,0.5829766999524488
0.4046204620462046,0.998371335504886,0.5758572099577266
0.39882888744307093,0.998371335504886,0.5699674569967457
0.7350119904076738,0.998371335504886,0.8466850828729282
0.38529226901319924,0.998371335504886,0.5560090702947846
0.3809819763828465,0.998371335504886,0.5515069725596041
0.3756127450980392,0.998371335504886,0.5458593054318789
0.37061668681983073,0.998371335504886,0.5405643738977073
0.36618876941457584,0.998371335504886,0.5358391608391608
0.361438679245283,0.998371335504886,0.5307359307359307
0.35701805474665116,0.998371335504886,0.525954525954526
0.35290731145653426,0.998371335504886,0.5214802211824755
0.34889015367103016,0.998371335504886,0.5170814002530578
0.3453521126760563,0.998371335504886,0.5131854332356635
0.3401775804661487,0.998371335504886,0.5074503311258278
0.33681318681318684,0.998371335504886,0.5036976170912079
0.3340599455040872,0.998371335504886,0.5006124948958759
0.33063646170442285,0.998371335504886,0.4967585089141005
0.32658497602557274,0.998371335504886,0.4921718185467684
0.3239957716701903,0.998371335504886,0.48922585794094176
0.32229232386961093,0.998371335504886,0.4872813990461049
0.32027168234064785,0.998371335504886,0.4849683544303797
0.3176165803108808,0.998371335504886,0.48191823899371067
0.3153292181069959,0.998371335504886,0.4792806880375293
0.31195928753180663,0.998371335504886,0.47537805350911205
0.3092835519677094,0.998371335504886,0.47226502311248075
0.30680680680680683,0.998371335504886,0.46937212863705974
0.304823470909995,0.998371335504886,0.46704761904761904
0.3028656126482213,0.998371335504886,0.46474601971190294
0.300342969132778,0.998371335504886,0.4617702448210923
0.29887859580692344,0.998371335504886,0.4600375234521576
0.29642166344294,0.998371335504886,0.4571215510812826
0.2942870859337494,0.998371335504886,0.4545791620318873
0.2921830314585319,0.998371335504886,0.45206489675516226
0.2896975425330813,0.998371335504886,0.4490842490842491
0.2873886544772621,0.998371335504886,0.446305060065526
0.28445475638051043,0.998371335504886,0.4427591188154568
0.28132170720514,0.998371335504886,0.4389545291800931
0.27952576379388966,0.998371335504886,0.4367652297826861
0.2786363636363636,0.998371335504886,0.43567874911158494
0.2764997744700045,0.998371335504886,0.4330625220770046
0.27525819488100584,0.998371335504886,0.4315381907778951
0.27378293881196963,0.998371335504886,0.4297230984928146
0.272565584704313,0.998371335504886,0.42822214460356267
0.26992514310876264,0.998371335504886,0.4249566724436742
0.26710239651416123,0.998371335504886,0.4214506703334479
0.26559792027729634,0.998371335504886,0.4195756331279945
0.2642241379310345,0.998371335504886,0.4178595773687798
0.26275182168881267,0.998371335504886,0.4160162877502545
0.2610732538330494,0.998371335504886,0.4139095205941931
0.258322798145807,0.998371335504886,0.4104452628054905
0.25691533948030176,0.998371335504886,0.4086666666666667
0.2549916805324459,0.998371335504886,0.40622929092113985
0.2540406133443846,0.998371335504886,0.4050214734060126
0.252679307502061,0.998371335504886,0.40328947368421053
0.2512295081967213,0.998371335504886,0.4014407334643091
0.2495928338762215,0.998371335504886,0.3993485342019544
0.24837925445705025,0.998371335504886,0.3977936404931862
0.2468787756745872,0.998371335504886,0.3958669680335809
0.24539631705364293,0.998371335504886,0.3939588688946015
0.24422310756972113,0.998371335504886,0.39244558258642764
0.24335053592695513,0.998371335504886,0.3913182253431216
0.24210110584518169,0.998371335504886,0.3897012078830261
0.24086444007858546,0.998371335504886,0.3880974992086103
0.2392661982825917,0.998371335504886,0.38602015113350124
0.23833592534992223,0.998371335504886,0.38480853735091025
0.23741285824941905,0.998371335504886,0.38360450563204007
0.23576923076923076,0.998371335504886,0.3814561294337274
0.23468606431852987,0.998371335504886,0.38003719776813394
0.23316850513503234,0.998371335504886,0.3780450200431699
0.2320211960635882,0.998371335504886,0.37653562653562656
0.23088512241054615,0.998371335504886,0.37503823799327013
0.22984626921634796,0.998371335504886,0.3736665650716245
0.2288167226577081,0.998371335504886,0.37230488915882176
0.22762718158187895,0.998371335504886,0.3707287571817357
0.22670118343195267,0.998371335504886,0.36949969861362264
0.22586588061901253,0.998371335504886,0.3683894230769231
0.22495412844036697,0.998371335504886,0.3671758011380653
0.22396784800876873,0.998371335504886,0.3658609370337213
0.22250453720508168,0.998371335504886,0.3639062036212526
0.22178002894356005,0.998371335504886,0.3629366489046773
0.22058294350485785,0.998371335504886,0.36133215443560274
0.21963453959154425,0.998371335504886,0.36005873715124814
0.21885041056765442,0.998371335504886,0.35900439238653004
0.21753016323633784,0.998371335504886,0.3572261072261072
0.21691436659589525,0.998371335504886,0.3563953488372093
0.2158450704225352,0.998371335504886,0.35495078170237404
0.21493688639551192,0.998371335504886,0.3537218695903058
0.21441063308849248,0.998371335504886,0.3530089260005759
0.21351445489376525,0.998371335504886,0.35179340028694406
0.21262573707943114,0.998371335504886,0.35058621675722046
0.21181755355908777,0.998371335504886,0.34948688711516535
0.21072533516672395,0.998371335504886,0.3479988646040307
0.20993150684931508,0.998371335504886,0.3469156762874929
0.2092864458859679,0.998371335504886,0.34603443409539936
0.20843250595035703,0.998371335504886,0.34486638537271447
0.20758550626481545,0.998371335504886,0.3437061956826465
0.20660599932591844,0.998371335504886,0.34236246858419433
0.2058428475486904,0.998371335504886,0.3413140311804009
0.20494817786693414,0.998371335504886,0.34008321775312067
0.20426524491836054,0.998371335504886,0.33914246196403874
0.20358684822318165,0.998371335504886,0.33820689655172415
0.20291294273419397,0.998371335504886,0.33727647867950483
0.2023102310231023,0.998371335504886,0.336443468715697
0.20177748518762342,0.998371335504886,0.3357064622124863
0.20104952443424073,0.998371335504886,0.3346983346983347
0.2003922850604773,0.998371335504886,0.3337870950176967
0.1996742671009772,0.998371335504886,0.3327904451682953
0.19883230619526435,0.998371335504886,0.33162023262104406
0.19799741602067183,0.998371335504886,0.33045822102425876
0.19729642742195044,0.998371335504886,0.32948132222520826
0.19672657252888318,0.998371335504886,0.328686327077748
0.19616,0.998371335504886,0.3278951591334581
0.19522292993630574,0.998371335504886,0.32658497602557274
0.19441801458928004,0.998371335504886,0.3254579240775153
0.1939873417721519,0.998371335504886,0.32485426603073664
0.19313169502205418,0.998371335504886,0.3236536430834213
0.19240426867545513,0.998371335504886,0.32263157894736844
0.19162238199437323,0.998371335504886,0.3215316024127983
0.19084682440846826,0.998371335504886,0.32043910088865657
0.18995971490548497,0.998371335504886,0.3191877115334548
0.18913915458191916,0.998371335504886,0.3180285343709468
0.18832565284178188,0.998371335504886,0.31687774618764536
0.18769136558481322,0.998371335504886,0.31597938144329896
0.1872899480598839,0.998371335504886,0.315410342166195
0.18694724001219884,0.998371335504886,0.3149242229642949
0.18643552311435524,0.998371335504886,0.3141978472578165
0.1858138829948469,0.998371335504886,0.3133145923843598
0.18525234209731037,0.998371335504886,0.312515931684935
0.18458295694068053,0.998371335504886,0.3115628970775095
0.18375299760191846,0.998371335504886,0.31037974683544306
0.18325859491778773,0.998371335504886,0.3096741601414499
0.18303971334726785,0.998371335504886,0.3093615947514509
0.18233194527067223,0.998371335504886,0.3083501006036217
0.18162962962962964,0.998371335504886,0.3073451992980697
0.1811465721040189,0.998371335504886,0.30665332666333167
0.18066607721780137,0.998371335504886,0.30596456201647115
0.1800822561692127,0.998371335504886,0.3051269288203086
0.17955477445811366,0.998371335504886,0.304369414101291
0.17897810218978102,0.998371335504886,0.3035404803169101
0.17866511221218304,0.998371335504886,0.3030902348578492
0.17799070847851337,0.998371335504886,0.30211927057663873
0.17747539085118702,0.998371335504886,0.30137659783677484
0.1767589388696655,0.998371335504886,0.300342969132778
0.17635212888377447,0.998371335504886,0.2997555012224939
0.17614942528735633,0.998371335504886,0.2994626282364436
0.17569504155918603,0.998371335504886,0.2988057518888618
0.17509283061982292,0.998371335504886,0.2979343863912515
0.17464387464387465,0.998371335504886,0.29728419010669255
0.17419721511793124,0.998371335504886,0.2966368255504476
0.17345783814374646,0.998371335504886,0.2955641272902604
0.1729683972911964,0.998371335504886,0.29485329485329487
0.17257882882882883,0.998371335504886,0.2942870859337494
0.17185309784132324,0.998371335504886,0.29323128438172685
0.171420581655481,0.998371335504886,0.29260143198090693
0.17089489824365764,0.998371335504886,0.29183527731492503
0.17032509030286191,0.998371335504886,0.2910040351293615
0.16994732464652065,0.998371335504886,0.2904524994077233
0.16947746751451478,0.998371335504886,0.28976601276294023
0.1690102012682658,0.998371335504886,0.2890827634991747
0.16849917537108303,0.998371335504886,0.2883349012229539
0.1678992056970693,0.998371335504886,0.28745603751465415
0.16739486619333696,0.998371335504886,0.28671655753040226
0.16716662121625306,0.998371335504886,0.2863816865218407
0.16662136450122317,0.998371335504886,0.2855811786629397
0.16621475054229934,0.998371335504886,0.28498372849837283
0.165720464990538,0.998371335504886,0.2842568977509854
0.16549676025917925,0.998371335504886,0.28392774432607687
0.1650511577813678,0.998371335504886,0.283271719038817
0.16456375838926174,0.998371335504886,0.2825535837750634
0.16390374331550803,0.998371335504886,0.2815801561782269
0.16329248801278637,0.998371335504886,0.2806776556776557
0.16311868014901543,0.998371335504886,0.28042086001829825
0.16298856687051316,0.998371335504886,0.28022857142857144
0.16255635110050384,0.998371335504886,0.27958950969213225
0.16212642158159218,0.998371335504886,0.2789533560864619
0.16182682154171066,0.998371335504886,0.2785097682871422
0.1614007372301211,0.998371335504886,0.27787851314596557
0.16118853536681568,0.998371335504886,0.27756395743717455
0.16076580120639916,0.998371335504886,0.27693697763722613
0.16042920701387073,0.998371335504886,0.27643742953776773
0.15984354628422426,0.998371335504886,0.27556754326815014
0.15917943391326927,0.998371335504886,0.2745800671892497
0.1587260486794407,0.998371335504886,0.27390527256478997
0.15831611570247933,0.998371335504886,0.27329469460543915
0.157826982492276,0.998371335504886,0.272565584704313
0.15746211148214745,0.998371335504886,0.2720213001996894
0.1570184426229508,0.998371335504886,0.27135900841080124
0.1566572961921799,0.998371335504886,0.27081952728075986
0.15621814475025483,0.998371335504886,0.27016306743058616
0.15582104728012203,0.998371335504886,0.2695690413368514
0.15554427810200458,0.998371335504886,0.26915477497255763
0.15511133603238866,0.998371335504886,0.26850635129215944
0.15483708007072494,0.998371335504886,0.26809534222610976
0.1544858870967742,0.998371335504886,0.26756874727193364
0.15417505030181086,0.998371335504886,0.26710239651416123
0.1539427423405324,0.998371335504886,0.26675369886858136
0.15374968648106346,0.998371335504886,0.2664638122147359
0.15332666333166584,0.998371335504886,0.2658282740676496
0.15298228100823558,0.998371335504886,0.265310538844406
0.15252550385668076,0.998371335504886,0.26462335419814376
0.15214693472325638,0.998371335504886,0.2640534137411157
0.15158259149357073,0.998371335504886,0.2632030914555603
0.1512086827824371,0.998371335504886,0.26263924592973437
0.15079950799507996,0.998371335504886,0.2620217995298141
0.15039254170755642,0.998371335504886,0.261407249466951
0.15002447381302006,0.998371335504886,0.26085106382978723
0.14984111464189684,0.998371335504886,0.2605738575982997
0.14947573762496952,0.998371335504886,0.2600212089077413
0.14911213816589639,0.998371335504886,0.25947089947089946
0.14885866925692084,0.998371335504886,0.2590870667793745
0.14849806201550386,0.998371335504886,0.2585407001265289
0.1482466747279323,0.998371335504886,0.2581596125500105
0.14792471042471042,0.998371335504886,0.2576712904581757
0.14760414158439683,0.998371335504886,0.25718481225089157
0.14721421709894333,0.998371335504886,0.25659271661783173
0.14696715415967393,0.998371335504886,0.25621734587251827
0.14661564219086343,0.998371335504886,0.2556830031282586
0.14637058261700095,0.998371335504886,0.25531028738025824
0.14595238095238094,0.998371335504886,0.2546738678853344
0.1458482036640495,0.998371335504886,0.2545152584596222
0.14560570071258908,0.998371335504886,0.25414593698175786
0.14536400284562484,0.998371335504886,0.25377768577934173
0.14498580889309365,0.998371335504886,0.25320115654688147
0.14474616292798112,0.998371335504886,0.2528356362136523
0.1444732500589206,0.998371335504886,0.25241918879967057
0.14416745061147695,0.998371335504886,0.25195232223592273
0.14393050011739844,0.998371335504886,0.251590396059922
0.14366065151160065,0.998371335504886,0.2511780372874411
0.14325777050712785,0.998371335504886,0.2505620273860617
0.14305717619603267,0.998371335504886,0.2502551541130843
0.14292375845185357,0.998371335504886,0.2500509891902917
0.14269087523277468,0.998371335504886,0.24969450101832993
0.14216141001855287,0.998371335504886,0.2488834754364596
0.1417668825161887,0.998371335504886,0.24827865532604293
0.14143977849561606,0.998371335504886,0.24777687954729183
0.14121170237272518,0.998371335504886,0.2474268415741675
0.1408871523787635,0.998371335504886,0.24692849949647533
0.14046746104491292,0.998371335504886,0.24628364805142627
0.14024250743536948,0.998371335504886,0.24593781344032095
0.13998629824160766,0.998371335504886,0.24554376126577207
0.13963553530751707,0.998371335504886,0.24500399680255797
0.1394449499545041,0.998371335504886,0.24471057884231537
0.13906533575317603,0.998371335504886,0.24412584627638392
0.13897075493085467,0.998371335504886,0.24398009950248756
0.1387505658669081,0.998371335504886,0.24364069952305245
0.13849977406235878,0.998371335504886,0.24325396825396825
0.13824988723500226,0.998371335504886,0.24286846275752774
0.13806306306306307,0.998371335504886,0.24258013454689356
0.13775280898876405,0.998371335504886,0.24210110584518169
0.13747477012783135,0.998371335504886,0.2416715947171299
0.13719785138764548,0.998371335504886,0.24124360487996852
0.13683035714285716,0.998371335504886,0.24067530427954456
0.13658645276292336,0.998371335504886,0.24029792238337908
0.13622222222222222,0.998371335504886,0.23973406335549471
0.1360710321864595,0.998371335504886,0.23949990232467278
0.1358599290780142,0.998371335504886,0.2391728443230589
0.13549955791335103,0.998371335504886,0.23861424678863372
0.1352603706972639,0.998371335504886,0.23824329576369996
0.13493286374642308,0.998371335504886,0.23773511731626915
0.13481416318451728,0.998371335504886,0.23755086223600078
0.13463650340434877,0.998371335504886,0.23727501451519256
0.1344003508002631,0.998371335504886,0.23690821256038647
0.13407699037620296,0.998371335504886,0.2364057076745083
0.13393052217609788,0.998371335504886,0.23617800038528222
0.1336968375136314,0.998371335504886,0.23581457972687056
0.13352210847309953,0.998371335504886,0.23554274735830932
0.13323190610736796,0.998371335504886,0.23509108341323107
0.13288532408411013,0.998371335504886,0.2345513678974555
0.13262656858502814,0.998371335504886,0.23414820473644002
0.13242600993735149,0.998371335504886,0.2338355903108907
0.13219754151390986,0.998371335504886,0.2334793372690916
0.13191306219066065,0.998371335504886,0.23303554457327505
0.13179961298645454,0.998371335504886,0.23285849952516618
0.1315450643776824,0.998371335504886,0.23246113007205157
0.13134776087422326,0.998371335504886,0.23215300132550654
0.13109495295124038,0.998371335504886,0.23175803402646503
0.13056443024494144,0.998371335504886,0.23092861179129778
0.13031462585034015,0.998371335504886,0.2305377961639714
0.13025924351891202,0.998371335504886,0.23045112781954888
0.12995548017807929,0.998371335504886,0.22997561433126992
0.12970799830723656,0.998371335504886,0.2295880149812734
0.12940679755119275,0.998371335504886,0.22911605307419175
0.1291613990729035,0.998371335504886,0.22873134328358208
0.12902546832245843,0.998371335504886,0.22851817334575955
0.1288627286104688,0.998371335504886,0.22826289331595606
0.12843075633773307,0.998371335504886,0.2275849266753295
0.1282158544237607,0.998371335504886,0.2272474513438369
0.1279482362763515,0.998371335504886,0.22682701202590194
0.12765514369012912,0.998371335504886,0.22636632200886264
0.12749584026622296,0.998371335504886,0.22611582441903358
0.12723121627231215,0.998371335504886,0.22569955817378498
0.1269939921276155,0.998371335504886,0.22532622679654477
0.1266790659227113,0.998371335504886,0.22483036860443792
0.12641781810682615,0.998371335504886,0.22441881749954237
0.1263396537510305,0.998371335504886,0.22429564581046468
0.12607980255039078,0.998371335504886,0.22388604821037253
0.12582101806239737,0.998371335504886,0.22347794385709077
0.12566625666256662,0.998371335504886,0.22323379461034232
0.12548618219037871,0.998371335504886,0.22294962720494635
0.1253835140110452,0.998371335504886,0.22278757041613664
0.12525541479362484,0.998371335504886,0.22258533042846768
0.12502549459514584,0.998371335504886,0.2222222222222222
0.1246695139312589,0.998371335504886,0.22165973603326705
0.12441648061700832,0.998371335504886,0.22125970041508752
0.12423996757194973,0.998371335504886,0.2209805335255948
0.12406395466504756,0.998371335504886,0.2207020702070207
0.12383838383838384,0.998371335504886,0.22034507548526241
0.12381337103615431,0.998371335504886,0.22030548068283917
0.12334004024144869,0.998371335504886,0.21955587392550144
0.1231170917854991,0.998371335504886,0.21920257464688003
0.12289494787489975,0.998371335504886,0.21885041056765442
0.12277188063288604,0.998371335504886,0.21865525236311753
0.1226,0.998371335504886,0.21838261489134306
0.1223797165102815,0.998371335504886,0.21803307842788547
0.12208723361880104,0.998371335504886,0.21756876663708963
0.121893020481209,0.998371335504886,0.21726032252348043
0.12167526796347757,0.998371335504886,0.21691436659589525
0.12148236226714229,0.998371335504886,0.2166077738515901
0.12126607319485658,0.998371335504886,0.21626389133886048
0.12107446178155244,0.998371335504886,0.21595913334507663
0.12095501183898974,0.998371335504886,0.21576909538894756
0.12074059483947212,0.998371335504886,0.21542786856439994
0.12064554221609919,0.998371335504886,0.21527655838454784
0.12055063913470992,0.998371335504886,0.21512546060712406
0.12681009515928837,0.998371335504886,0.2250367107195301
0.12021965091194352,0.998371335504886,0.21459828461403815
0.12005483744614179,0.998371335504886,0.21433566433566434
0.11986703167774736,0.998371335504886,0.21403631284916202
0.11963309914129586,0.998371335504886,0.21366329731613803
0.11937682570593963,0.998371335504886,0.21325447903983302
0.11926070038910506,0.998371335504886,0.21306916927354883
0.11907536907536907,0.998371335504886,0.2127733425893787
0.11898291925465838,0.998371335504886,0.21262573707943114
0.11870642912470952,0.998371335504886,0.21218414676358602
0.11847700038654813,0.998371335504886,0.21181755355908777
0.11824845679012345,0.998371335504886,0.2114522249051397
0.11813451532087108,0.998371335504886,0.21127003274168535
0.11802079322294956,0.998371335504886,0.21108815426997246
0.11779400461183705,0.998371335504886,0.21072533516672395
0.11770353302611367,0.998371335504886,0.21058055650979046
0.11763577048551142,0.998371335504886,0.21047210300429184
0.11745545123586894,0.998371335504886,0.21018343905366021
0.11738797395633857,0.998371335504886,0.21007539410555176
0.11720841300191205,0.998371335504886,0.20978781656399725
0.11709646609360076,0.998371335504886,0.2096084800820653
0.11687321258341278,0.998371335504886,0.20925072537975764
0.1167396686345458,0.998371335504886,0.20903665814151748
0.11658425256751617,0.998371335504886,0.20878746594005448
0.11651777228663752,0.998371335504886,0.20868085106382978
0.1162526076237436,0.998371335504886,0.20825547817224394
0.11605452480121166,0.998371335504886,0.20793758480325644
0.11594477019103461,0.998371335504886,0.20776139637349603
0.11587901701323251,0.998371335504886,0.2076558265582656
0.11566037735849057,0.998371335504886,0.20730470071017923
0.11546430589564889,0.998371335504886,0.2069897011649502
0.11537737624694147,0.998371335504886,0.20685000843597098
0.11507415055378262,0.998371335504886,0.20636256522470964
0.11481550852219517,0.998371335504886,0.20594658155551823
0.11453662182361735,0.998371335504886,0.20549782098558497
0.11442971812581669,0.998371335504886,0.20532574108189583
0.11419523099850969,0.998371335504886,0.20494817786693414
0.11408896333519448,0.998371335504886,0.20477701686988475
0.1138558692421991,0.998371335504886,0.20440146715571858
0.1137291280148423,0.998371335504886,0.20419720186542306
0.11360266864343958,0.998371335504886,0.20399334442595674
0.1133086876155268,0.998371335504886,0.20351925630810094
0.11320406278855032,0.998371335504886,0.2033504727152098
0.11307876775502675,0.998371335504886,0.20314830157415079
0.11297456690011058,0.998371335504886,0.2029801324503311
0.11272526664214785,0.998371335504886,0.2025776602775942
0.11251835535976505,0.998371335504886,0.2022434839986803
0.11243580337490829,0.998371335504886,0.20211012199142764
0.11231220227189447,0.998371335504886,0.20191040843214755
0.11210680321872714,0.998371335504886,0.20157842814863533
0.11198392400438437,0.998371335504886,0.20137976346911957
0.11192258535694724,0.998371335504886,0.20128057790182236
0.11180010942914463,0.998371335504886,0.20108249958996227
0.11167790125705958,0.998371335504886,0.20088481074881206
0.11149508912331757,0.998371335504886,0.2005890052356021
0.11135331516802907,0.998371335504886,0.2003595358718745
0.11113125453226975,0.998371335504886,0.2
0.11099040376606917,0.998371335504886,0.19977187550920644
0.11086995840115753,0.998371335504886,0.19957675402897607
0.11072976878612717,0.998371335504886,0.19934959349593495
0.11060988812702996,0.998371335504886,0.1991552956465237
0.11045045045045045,0.998371335504886,0.1988968202465931
0.11033117350611951,0.998371335504886,0.1987034035656402
0.11025179856115108,0.998371335504886,0.19857466796242307
0.11009339080459771,0.998371335504886,0.1983176965383371
0.10997488338715465,0.998371335504886,0.19812540400775694
0.10985663082437276,0.998371335504886,0.19793348401679045
0.10967972803721596,0.998371335504886,0.19764630017733356
0.1094447420103553,0.998371335504886,0.19726468222043445
0.10919130744567153,0.998371335504886,0.1968529222864483
0.10895840739424102,0.998371335504886,0.19647435897435897
0.10878438331854481,0.998371335504886,0.1961913906224996
0.108649415101028,0.998371335504886,0.19597186700767263
0.1085724406659582,0.998371335504886,0.19584664536741214
0.10849557522123894,0.998371335504886,0.19572158365261813
0.10841881853555005,0.998371335504886,0.19559668155711551
0.10826563051925114,0.998371335504886,0.19534735500318676
0.10815102328863797,0.998371335504886,0.19516077682266794
0.10801762114537444,0.998371335504886,0.19494355223405946
0.1079225352112676,0.998371335504886,0.1947886876390213
0.107808652831516,0.998371335504886,0.1946031746031746
0.10771393428219997,0.998371335504886,0.19444885011895321
0.10752499561480441,0.998371335504886,0.1941409342834521
0.10737432124715361,0.998371335504886,0.19389530286256523
0.10718657107885994,0.998371335504886,0.19358913627033003
0.107036843024271,0.998371335504886,0.19334489828102822
0.1068502701760502,0.998371335504886,0.1930404660683357
0.10662723951991651,0.998371335504886,0.19267641049819267
0.10651607298001738,0.998371335504886,0.1924948971581096
0.10638667129468934,0.998371335504886,0.1922835633626098
0.10616556979563561,0.998371335504886,0.19192235441452724
0.10596369922212619,0.998371335504886,0.1915924363181747
0.10583563535911603,0.998371335504886,0.19138307836403373
0.10565322302654258,0.998371335504886,0.19108478802992518
0.10559862187769165,0.998371335504886,0.1909954821623306
0.10548958871106522,0.998371335504886,0.1908171206225681
0.10529027825489523,0.998371335504886,0.19049098819142324
0.10518188057652711,0.998371335504886,0.19031356721515058
0.10507370586218717,0.998371335504886,0.190136476426799
0.10489390828199863,0.998371335504886,0.18984205636419943
0.10476841565544351,0.998371335504886,0.18963650425367362
0.10469684030742955,0.998371335504886,0.189519245633019
0.10448269984659962,0.998371335504886,0.1891683382194106
0.10432266848196052,0.998371335504886,0.1889060092449923
0.10428717250765566,0.998371335504886,0.18884781269254466
0.10421625297517852,0.998371335504886,0.18873152709359606
0.10411005434782608,0.998371335504886,0.18855736696401107
0.10403937542430414,0.998371335504886,0.1884414386719951
0.10395116160759708,0.998371335504886,0.18829672861311628
0.1038279132791328,0.998371335504886,0.18809450751764345
0.10370495686009136,0.998371335504886,0.1878927203065134
0.10358229131463333,0.998371335504886,0.18769136558481322
0.1033378287255563,0.998371335504886,0.1872899480598839
0.1032508000673741,0.998371335504886,0.18714700045794536
0.10307718177232218,0.998371335504886,0.1868617588782198
0.10293870696893367,0.998371335504886,0.18663419089663572
0.10283509478275457,0.998371335504886,0.1864638783269962
0.10271447721179625,0.998371335504886,0.18626557277423275
0.10261131570137262,0.998371335504886,0.18609593199757135
0.10245696139060671,0.998371335504886,0.1858420494164014
0.10230307076101469,0.998371335504886,0.18558885861338179
0.10221777555444389,0.998371335504886,0.18544849493268795
0.10209860093271153,0.998371335504886,0.18525234209731037
0.10199667221297837,0.998371335504886,0.18508454106280192
0.10189494680851063,0.998371335504886,0.18491704374057316
0.10186108341641742,0.998371335504886,0.18486127864897467
0.10169210351692104,0.998371335504886,0.18458295694068053
0.10152368333885392,0.998371335504886,0.18430547203848466
0.1014228987425546,0.998371335504886,0.18413938119555423
0.10130556932738391,0.998371335504886,0.18394598649662416
0.10117181052979039,0.998371335504886,0.18372546081222837
0.10105506099571382,0.998371335504886,0.18353293413173652
0.10097183330588042,0.998371335504886,0.18339566192969334
0.10088874259381171,0.998371335504886,0.18325859491778773
0.10072297075254683,0.998371335504886,0.18298507462686567
0.10062376887721602,0.998371335504886,0.18282135401133315
0.10052476221712037,0.998371335504886,0.18265792610250298
0.10045886594559161,0.998371335504886,0.18254913639070874
0.1003930560104815,0.998371335504886,0.18244047619047618
0.10024529844644317,0.998371335504886,0.18219646307029277
0.10014703479823558,0.998371335504886,0.18203414996288048
0.1000163158753467,0.998371335504886,0.18181818181818182
0.09982087607881453,0.998371335504886,0.18149518874907475
0.09972344232959167,0.998371335504886,0.18133412217127645
0.09967479674796748,0.998371335504886,0.18125369603784744
0.0995614747441936,0.998371335504886,0.1810663122138532
0.09941615309763217,0.998371335504886,0.1808259587020649
0.09925518134715026,0.998371335504886,0.18055964653902798
0.0991267787839586,0.998371335504886,0.1803471609296852
0.0990787134313884,0.998371335504886,0.1802676077047493
0.0989028718941594,0.998371335504886,0.17997651203758075
0.09874355670103092,0.998371335504886,0.17971269422456757
0.09864821371097522,0.998371335504886,0.17955477445811366
0.09852137576342013,0.998371335504886,0.17934464599180808
